Estimator: DummyClassifier
Strategy: one_vs_rest
Oversample: True

Internal Cross Validation (GridSearch)
Best parameters: {}
Best estimator: Pipeline(steps=[('smt', SMOTE()),
                ('clf',
                 OneVsRestClassifier(estimator=DummyClassifier(strategy='most_frequent')))])
External Cross Validation (cross_val_score)
F1 weighted scores (averages): 
0.0019211221777819746
0.0019211221777819746
0.0019211221777819746
0.0019211221777819746
0.0019211221777819746
0.0019211221777819746
0.0019211221777819746
0.0019211221777819746
0.0019211221777819746
0.0019211221777819746
0.0019211221777819746
0.0019211221777819746
0.0019211221777819746
0.0019211221777819746
0.0019211221777819746
0.0019211221777819746
0.0019211221777819746
0.0019211221777819746
0.0019211221777819746
0.0019211221777819746
0.0019211221777819746
0.0019211221777819746
0.0019211221777819746
0.0019211221777819746
0.0019211221777819746
0.0019211221777819746
0.0019211221777819746
0.0019211221777819746
0.0019211221777819746
0.0019211221777819746
0.0019211221777819746
0.0019211221777819746
0.0019211221777819746
0.0019211221777819746
0.0019211221777819746
0.0019211221777819746
0.0019211221777819746
0.0019211221777819746
0.0019211221777819746
0.0019211221777819746
0.0019211221777819746
0.0019211221777819746
0.0019211221777819746
0.0019211221777819746
0.0019211221777819746
0.0019211221777819746
0.0019211221777819746
0.0019211221777819746
0.0019211221777819746
0.0019211221777819746
0.0019211221777819746
0.0019211221777819746
0.0019211221777819746
0.0019211221777819746
0.0019211221777819746
0.0019211221777819746
0.0019211221777819746
0.0019211221777819746
0.0019211221777819746
0.0019211221777819746
0.0019211221777819746
0.0019211221777819746
0.0019211221777819746
0.0019211221777819746
0.0019211221777819746
0.0019211221777819746
0.0019211221777819746
0.0019211221777819746
0.0019211221777819746
0.0019211221777819746
0.0019211221777819746
0.0019211221777819746
0.0019211221777819746
0.0019211221777819746
0.0019211221777819746
0.0019211221777819746
0.0019211221777819746
0.0019211221777819746
0.0019211221777819746
0.0019211221777819746
0.0019211221777819746
0.0019211221777819746
0.0019211221777819746
0.0019211221777819746
0.0019211221777819746
0.0019211221777819746
0.0019211221777819746
0.0019211221777819746
0.0019211221777819746
0.0019211221777819746
0.0019211221777819746
0.0019211221777819746
0.0019211221777819746
0.0019211221777819746
0.0019211221777819746
0.0019211221777819746
0.0019211221777819746
0.0019211221777819746
0.0019211221777819746
0.0019211221777819746
