Estimator: KNeighborsClassifier
Strategy: one_vs_one
Oversample: True

Internal Cross Validation (GridSearch)
Best parameters: {'clf__estimator__n_neighbors': 3}
Best estimator: Pipeline(steps=[('smt', SMOTE()),
                ('clf',
                 OneVsOneClassifier(estimator=KNeighborsClassifier(n_neighbors=3)))])
External Cross Validation (cross_val_score)
F1 weighted scores (averages): 
0.618348898395718
0.618053636798624
0.6185347180339991
0.6184433074321662
0.616941117464733
0.6177186731647046
0.6177842417775306
0.6164135695040829
0.6162126074719373
0.617749943593187
0.617903123983454
0.619384875715917
0.6144428919279034
0.6181846955915029
0.6166932842138327
0.6191445031425262
0.6192922757413402
0.6175221905924771
0.6142539294298006
0.6167227033090861
0.6197677380162614
0.6154476100076156
0.6172398754338094
0.617381932931093
0.6201360324197991
0.6171472742436255
0.6188726254713095
0.61646041693751
0.6215408971319893
0.6173277372693872
0.6178558925780144
0.6191795769324591
0.6187796030716545
0.6171760935881985
0.6214437765638949
0.6168159393098838
0.6179327149867653
0.6175756901959115
0.6182179693406856
0.6160067738262446
0.615617025551134
0.6172009350011132
0.6156832628219229
0.615292800266489
0.6182867342425524
0.6176272947942303
0.6168980157732898
0.6192712708418379
0.6180145459146179
0.6178441981580758
0.6162728373350693
0.6162802472794614
0.6169672746251306
0.6193220993144354
0.6162464756433803
0.616673195720515
0.6159928609137475
0.6191204400556792
0.6191368381278705
0.6184846344816447
0.6181001011401756
0.6171348754227244
0.6174241732798375
0.6177706388217297
0.6185441751863836
0.6205734486961566
0.6187541824841378
0.6174524039733118
0.6163403764982427
0.6152673593359526
0.6159268943945084
0.6156766547083865
0.6181139491033958
0.616906868866274
0.6182710125877416
0.6169306664174393
0.6173818363424453
0.6156686146013971
0.6164812137498192
0.6172474331807201
0.6157889762856381
0.6168753808203912
0.6183126399999623
0.6170437096160782
0.6158082550191439
0.6190570468870364
0.6155531686769582
0.615894695377779
0.617223262844204
0.6180763047961454
0.6162253479796446
0.6173212978302509
0.617212491997517
0.6185626787548514
0.6184170723849062
0.6171189636307909
0.6174046235389014
0.6184032190480835
0.6161284459729175
0.6201220249587759
