Estimator: KNeighborsClassifier
Strategy: one_vs_rest
Oversample: True

Internal Cross Validation (GridSearch)
Best parameters: {'clf__estimator__n_neighbors': 3}
Best estimator: Pipeline(steps=[('smt', SMOTE()),
                ('clf',
                 OneVsRestClassifier(estimator=KNeighborsClassifier(n_neighbors=3)))])
External Cross Validation (cross_val_score)
F1 weighted scores (averages): 
0.6130974391530309
0.6146791838861949
0.6105523194719432
0.6132282692159159
0.6142402978364396
0.6139482921973077
0.6133270868569525
0.6115057733449546
0.6151876031366618
0.6136575945936936
0.6142612764945821
0.6138164073782006
0.6163951317268339
0.6118956418144397
0.6137307687460146
0.6135207508714438
0.6145289229429463
0.6160312338317916
0.6144633232361598
0.6132617852271844
0.6138472418174284
0.6144903213940168
0.6142559197198045
0.6121947760011578
0.6153392128161768
0.6133242453596128
0.6107470501106524
0.6161105544424494
0.6154322002125449
0.6131797896220496
0.6133641260625741
0.6155339160217389
0.6128279014102467
0.6165457866729245
0.6158046564676362
0.6143795292228013
0.6146225020815665
0.6119340287706257
0.6125313375130597
0.6147258013216939
0.609468124555451
0.6147031676222662
0.6130355444883231
0.6145170261497499
0.614621825257278
0.6108602895183506
0.613833273304892
0.6139524796060789
0.6155406358354941
0.6140452493535142
0.612967439965101
0.615734532666021
0.612201701344987
0.6162308521686958
0.612911118167913
0.6138056549254857
0.6141171387193619
0.6137999197092243
0.6151863275644561
0.6142178985348549
0.6112004718987493
0.6136381540203335
0.6180747440270049
0.6149157757650733
0.6148018352038116
0.6141216432151889
0.6124278772298177
0.6118160794646863
0.6147012980184999
0.6160402261970137
0.6090919069237664
0.6154379796134397
0.608943289499095
0.6134209779845781
0.6146511245784324
0.6131892569745327
0.6167881849582015
0.6140087697156983
0.6164426585887639
0.6125261665780257
0.6140043740803802
0.614350257727114
0.6153136356173048
0.6137738658171364
0.6143888023924621
0.6142680563576437
0.6137412288055686
0.6120060084329229
0.6125034903388595
0.6155142266708886
0.614968019930937
0.6126864653156563
0.614495135758023
0.6153480567380842
0.6148363730859543
0.6128843970936646
0.6151957075246842
0.6153313528653935
0.6149495023685477
0.6142126581653845
