Estimator: KNeighborsClassifier
Strategy: one_vs_rest
Oversample: False

Internal Cross Validation (GridSearch)
Best parameters: {'clf__estimator__n_neighbors': 7}
Best estimator: Pipeline(steps=[('clf',
                 OneVsRestClassifier(estimator=KNeighborsClassifier(n_neighbors=7)))])
External Cross Validation (cross_val_score)
F1 weighted scores (averages): 
0.5656642713174439
0.5656642713174439
0.5656642713174439
0.5656642713174439
0.5656642713174439
0.5656642713174439
0.5656642713174439
0.5656642713174439
0.5656642713174439
0.5656642713174439
0.5656642713174439
0.5656642713174439
0.5656642713174439
0.5656642713174439
0.5656642713174439
0.5656642713174439
0.5656642713174439
0.5656642713174439
0.5656642713174439
0.5656642713174439
0.5656642713174439
0.5656642713174439
0.5656642713174439
0.5656642713174439
0.5656642713174439
0.5656642713174439
0.5656642713174439
0.5656642713174439
0.5656642713174439
0.5656642713174439
0.5656642713174439
0.5656642713174439
0.5656642713174439
0.5656642713174439
0.5656642713174439
0.5656642713174439
0.5656642713174439
0.5656642713174439
0.5656642713174439
0.5656642713174439
0.5656642713174439
0.5656642713174439
0.5656642713174439
0.5656642713174439
0.5656642713174439
0.5656642713174439
0.5656642713174439
0.5656642713174439
0.5656642713174439
0.5656642713174439
0.5656642713174439
0.5656642713174439
0.5656642713174439
0.5656642713174439
0.5656642713174439
0.5656642713174439
0.5656642713174439
0.5656642713174439
0.5656642713174439
0.5656642713174439
0.5656642713174439
0.5656642713174439
0.5656642713174439
0.5656642713174439
0.5656642713174439
0.5656642713174439
0.5656642713174439
0.5656642713174439
0.5656642713174439
0.5656642713174439
0.5656642713174439
0.5656642713174439
0.5656642713174439
0.5656642713174439
0.5656642713174439
0.5656642713174439
0.5656642713174439
0.5656642713174439
0.5656642713174439
0.5656642713174439
0.5656642713174439
0.5656642713174439
0.5656642713174439
0.5656642713174439
0.5656642713174439
0.5656642713174439
0.5656642713174439
0.5656642713174439
0.5656642713174439
0.5656642713174439
0.5656642713174439
0.5656642713174439
0.5656642713174439
0.5656642713174439
0.5656642713174439
0.5656642713174439
0.5656642713174439
0.5656642713174439
0.5656642713174439
0.5656642713174439
