Estimator: LinearSVC
Strategy: one_vs_one
Oversample: True

Internal Cross Validation (GridSearch)
Best parameters: {'clf__estimator__C': 1, 'clf__estimator__max_iter': 500, 'clf__estimator__tol': 1e-05}
Best estimator: Pipeline(steps=[('smt', SMOTE()),
                ('clf',
                 OneVsOneClassifier(estimator=LinearSVC(C=1, max_iter=500,
                                                        tol=1e-05)))])
External Cross Validation (cross_val_score)
F1 weighted scores (averages): 
0.6687393856058508
0.669904803292844
0.6681836082198249
0.6684930340234623
0.670059135898572
0.6695952909707387
0.6671925866860808
0.6700024605718463
0.6688643475707597
0.6713115428119958
0.6664485622746164
0.6690686260386227
0.6671406926742084
0.6684208092955781
0.669141244388852
0.6690405719617585
0.6675071306816431
0.6687348642926014
0.6705466764591687
0.6697461203081707
0.669127879417484
0.669259218893873
0.6670465861419163
0.6693470946630903
0.67006633643986
0.6681633282137156
0.6695338694623525
0.6698158268609228
0.6701421186069346
0.6682201449435964
0.6687427706376827
0.6700560734765816
0.6679244580747599
0.6700120379871016
0.6677485407558904
0.6685038592885892
0.668977815695728
0.6684544161485282
0.6699771882259078
0.6683313092031737
0.6681596809687976
0.6688990777239617
0.6710522868928788
0.6698128132149435
0.66884522913641
0.6693902863471296
0.669822524521973
0.6690187831557934
0.6709019417734616
0.6688364408713537
0.6691023642112383
0.6689922893333322
0.6687547911783837
0.6674814065378939
0.669739581518573
0.667472759063989
0.667571918238889
0.6672471467194694
0.6704633539547709
0.6694112824042833
0.6692133018860309
0.6697680057561464
0.6689491022438776
0.6698824287228388
0.6697005854460225
0.6690142869539216
0.668381722800076
0.6688413579098001
0.6698182893154996
0.6708359450031597
0.6695412125202401
0.6687383514579853
0.6694378463854728
0.668893929723274
0.6682960238764799
0.6703931497686999
0.6696700720577317
0.6690558074535066
0.6713043814530761
0.6697129910726128
0.6688447437534133
0.6700281554577775
0.6701893067324121
0.6707591659370488
0.6669151179286513
0.6702643643695322
0.67014762251745
0.6680950159593676
0.6695524021273118
0.6707801339615534
0.669671748110487
0.6683133797076826
0.6712163265690037
0.6675779286371994
0.6678584246159256
0.6711234229226388
0.6692330957896269
0.6680581794360261
0.6687699239976348
0.6704785303335148
