Estimator: LinearSVC
Strategy: one_vs_rest
Oversample: True

Internal Cross Validation (GridSearch)
Best parameters: {'clf__estimator__C': 1, 'clf__estimator__max_iter': 1500, 'clf__estimator__tol': 1e-05}
Best estimator: Pipeline(steps=[('smt', SMOTE()),
                ('clf',
                 OneVsRestClassifier(estimator=LinearSVC(C=1, max_iter=1500,
                                                         tol=1e-05)))])
External Cross Validation (cross_val_score)
F1 weighted scores (averages): 
0.6700297959935616
0.6711561177414207
0.6713894531643392
0.6699622742985405
0.6706070073625625
0.6706762890528661
0.6699722176436838
0.6692850106583151
0.6701601926123331
0.6710272838650838
0.670359154478938
0.67018543049948
0.6700299549097889
0.6709068928857687
0.6706855197318816
0.6695712763757815
0.6723186880820092
0.6699438647945348
0.6701488919634423
0.6700167796018528
0.6711722131227555
0.6709325899824676
0.6693573821343296
0.6708777371134544
0.6704316050787916
0.6701352706969409
0.6686932732077266
0.671071565552132
0.6704319121252141
0.6701573962763618
0.6692783191406544
0.6686951696218832
0.6724498565508723
0.6709127077237221
0.6707938225903685
0.6696675535655917
0.6694007056989507
0.6711021610594907
0.6688710677930843
0.6689141300022107
0.6706567928452536
0.6699104057097841
0.6706540306229654
0.6717721257725596
0.670239531746174
0.6709271959263317
0.6697919705260718
0.6712762064940712
0.6694875581600598
0.6721828754527412
0.6696639497206371
0.6693149916218469
0.6715571951694532
0.670999682775592
0.6704186449093664
0.6697558813201044
0.6701204870863239
0.6690637259997378
0.6694824371845851
0.6701618974574648
0.6700008874502746
0.6720227758601127
0.6707509930527771
0.670180707766973
0.6712377368142377
0.670534344304296
0.6700804623791766
0.6705331498148961
0.6691205693564234
0.6715738756347326
0.669804604149508
0.6704396995011399
0.6717481772548315
0.6710324851453487
0.6681357540311519
0.6689893959661748
0.671026064219678
0.670513696041909
0.6687877556117519
0.6714801910611221
0.6703977934470404
0.6711503635636352
0.669260657382089
0.6707824397126462
0.6715155899805102
0.6697094312092928
0.6703123356752673
0.6707970590306813
0.6692619935364232
0.670952871055772
0.6713560453360345
0.6711437157656984
0.6698289777230688
0.6696576967626229
0.6712810585661534
0.6691152375828662
0.6696645974569541
0.670844130837166
0.6697500802574183
0.6707993985089085
