Estimator: LogisticRegression
Strategy: one_vs_one
Oversample: True

Internal Cross Validation (GridSearch)
Best parameters: {'clf__estimator__C': 1.5, 'clf__estimator__max_iter': 100, 'clf__estimator__tol': 1e-05}
Best estimator: Pipeline(steps=[('smt', SMOTE()),
                ('clf',
                 OneVsOneClassifier(estimator=LogisticRegression(C=1.5,
                                                                 tol=1e-05)))])
External Cross Validation (cross_val_score)
F1 weighted scores (averages): 
0.6493684087610743
0.6487479615355365
0.6500675748720706
0.6493536067172204
0.6502566168694985
0.6493764974036654
0.6491803278953863
0.6486172738265538
0.6510676847405088
0.6490830499021532
0.6502342555948647
0.6500677244450987
0.6497673183226949
0.6500984539617998
0.6496416415829062
0.648068738098257
0.6480354551069109
0.6494348139479132
0.6487166875879999
0.6502889106026216
0.649237985597601
0.6498480052860437
0.6511421213625089
0.6493097660147616
0.6506206372597154
0.6475722410534066
0.6503602034991407
0.6509663872022324
0.648516595229313
0.6509950531593758
0.6482819611105988
0.6492173274108172
0.6487126924286081
0.6500413442169799
0.6496464846835269
0.650237336942433
0.651561780719264
0.6481740148360355
0.6514239525998985
0.6487962880758186
0.6515794531913156
0.6497863658549804
0.6492101322539755
0.6502146078189548
0.6504978784658428
0.6492239909307653
0.6487355866468381
0.6505810111893597
0.6486898206094416
0.6483074412050862
0.6494723036302947
0.6491813424142933
0.6504984739270919
0.6502001362599926
0.6493270401606057
0.6496732533122065
0.6507894113997649
0.6497196844555715
0.6501087821949459
0.6494925239598662
0.6494384743943413
0.6493877106284789
0.6496012658051541
0.6502876611551824
0.6503594437360717
0.6498997253043535
0.6495682465743442
0.6500796433080457
0.6497029557850439
0.651112781228065
0.6504227042228234
0.6498831600181026
0.6503849733030599
0.6498027258672795
0.6485196745269955
0.6500257682686698
0.6506950473072207
0.64944338022401
0.6495287925426858
0.6522729130375502
0.6505245889359579
0.6493854281189518
0.6488164701791697
0.650812651838103
0.650136362878077
0.6496577900057158
0.6491175374625686
0.650705938826091
0.6504114974196199
0.6509021073301147
0.6510045744415489
0.6502150243194316
0.6483001835444356
0.6501982463969248
0.6506205668161374
0.6499983641106468
0.6502096336285683
0.6500512851674969
0.6487720849447046
0.6492530528086409
