Estimator: LogisticRegression
Strategy: one_vs_rest
Oversample: True

Internal Cross Validation (GridSearch)
Best parameters: {'clf__estimator__C': 1.5, 'clf__estimator__max_iter': 100, 'clf__estimator__tol': 0.001}
Best estimator: Pipeline(steps=[('smt', SMOTE()),
                ('clf',
                 OneVsRestClassifier(estimator=LogisticRegression(C=1.5,
                                                                  tol=0.001)))])
External Cross Validation (cross_val_score)
F1 weighted scores (averages): 
0.6508284632447683
0.6499923403834953
0.6478298824576999
0.6498106892071738
0.6494607132485
0.6498819366372593
0.6512157992802501
0.651922437851297
0.6511450855600681
0.6492057852742579
0.6491293011462169
0.6492340124474103
0.648714723099207
0.6501394312097959
0.650741600830196
0.6503537897900168
0.6519825310512644
0.650366167156672
0.6502745627831193
0.6494811689854656
0.6502455465402303
0.6508987079643465
0.6492098046167845
0.648533171724391
0.6503148928907402
0.6501280963611248
0.6505581872064246
0.6508093364343395
0.6506946654142295
0.6506300231785571
0.6505784236564209
0.6509488400301201
0.6506183763567851
0.6496664293953264
0.6502444367983629
0.6500356624872303
0.6508886774988119
0.650009981709079
0.6520473363524836
0.650223687633792
0.6508408355500073
0.6495955439195346
0.6507646936335754
0.6486562142655531
0.649018478129034
0.6490434053340723
0.6502466947606437
0.6498833370157158
0.6499155181704163
0.6496651150762258
0.6499791445332079
0.6506884753092854
0.6502367888701068
0.6497610799640808
0.6485617207554354
0.6499306846341631
0.6495679939557386
0.651192521873182
0.6496934888308695
0.6487798934854982
0.6493397661713309
0.6492238038138302
0.6518067275371554
0.650794144336668
0.6501479572405211
0.6508202463972381
0.6510263773852429
0.6490932764926318
0.6506625379882759
0.6500978365947783
0.6504568247957532
0.6502934166738955
0.6507639602753807
0.652658938236707
0.6505359440894539
0.6507414085984647
0.6496121641914241
0.6489763022990397
0.6503863161823606
0.6498848927159899
0.6508916308592291
0.6496658093261459
0.649234954825481
0.6522363226207608
0.6507001846912599
0.6509060432031869
0.6505401419526317
0.6501877406611749
0.6497931298751303
0.6508265442248068
0.6497496485523071
0.649757519459801
0.6502718589885228
0.6478798215925853
0.648853766898881
0.6503072916267557
0.6503489171248117
0.6489232794635535
0.6521729255392124
0.6495076977676443
