Estimator: MultinomialNB
Strategy: one_vs_one
Oversample: True

Internal Cross Validation (GridSearch)
Best parameters: {'clf__estimator__alpha': 0.5, 'clf__estimator__fit_prior': True}
Best estimator: Pipeline(steps=[('smt', SMOTE()),
                ('clf',
                 OneVsOneClassifier(estimator=MultinomialNB(alpha=0.5)))])
External Cross Validation (cross_val_score)
F1 weighted scores (averages): 
0.6025217606591671
0.6033825008035965
0.6033509043496175
0.604901173258987
0.6032848346155644
0.6031435689166095
0.6035212140369007
0.6036505918817445
0.605735752008511
0.605027220905918
0.6041547148373079
0.6049281679694959
0.6046124180644845
0.6025526960768726
0.6042040416488422
0.6044197501010666
0.6045647891758895
0.6046854864716762
0.6033656692205269
0.6047429485581068
0.6031138924245577
0.6035463248781833
0.6041696392579397
0.6033125713188856
0.6061006223987404
0.6046859428424354
0.6038322298092098
0.602861647942057
0.6034371333500019
0.6041253762079968
0.6042413285579105
0.6043243032924194
0.6040731800742923
0.6036695367677469
0.6055079410674387
0.6035544281985277
0.60487387513292
0.6045237690351187
0.6042833368506362
0.6045109171120722
0.6045978852744067
0.6037122819596547
0.6043258088730895
0.6033678486762157
0.6044851852965463
0.6041218717552119
0.6033347010653335
0.6052469070454367
0.6030548861735736
0.6035260935416572
0.6035141401348814
0.6053307452721887
0.6052228093593025
0.604738007809628
0.6047902988737721
0.60356300764165
0.6050724541403492
0.6042791055540608
0.6034325444596174
0.6043410011483716
0.6049412105487433
0.6038652043721651
0.6039353094394101
0.6033128523339218
0.6059951640795026
0.6041490468268875
0.6036334079704073
0.6043422144061567
0.6048217653782184
0.6042129480251871
0.6052121435814268
0.6049827038230302
0.6039693479050603
0.6024215629005009
0.6038726630115481
0.6036367711771506
0.6057640999285046
0.603772524323742
0.6038066237896421
0.6045207686743129
0.6047477507130061
0.6043659811619324
0.6034745479882279
0.6043750129577319
0.604049259031721
0.6054025027298734
0.6040719398336944
0.6044200422405217
0.603179134801916
0.6047885954790104
0.6050135013444911
0.6019571364180113
0.6042791235275927
0.6030637060562556
0.6054851673076632
0.6039523965900028
0.6040321167572857
0.603172012825648
0.6037896872186843
0.6041494298870312
