Estimator: MultinomialNB
Strategy: one_vs_rest
Oversample: True

Internal Cross Validation (GridSearch)
Best parameters: {'clf__estimator__alpha': 0.5, 'clf__estimator__fit_prior': False}
Best estimator: Pipeline(steps=[('smt', SMOTE()),
                ('clf',
                 OneVsRestClassifier(estimator=MultinomialNB(alpha=0.5,
                                                             fit_prior=False)))])
External Cross Validation (cross_val_score)
F1 weighted scores (averages): 
0.5942297389905347
0.592751150540494
0.5951393014910177
0.5923819148241168
0.5936261002690383
0.5940432188162152
0.5944666623511852
0.5941995933933024
0.5939406457200712
0.5939193726247242
0.5940271062624233
0.5943452165456472
0.5933204630216757
0.5940722316132284
0.5926993633149956
0.5944012198972157
0.5928055596578623
0.5943969818578118
0.5955285632656515
0.5922827240577914
0.5928474320619902
0.5946959724171241
0.5928425696900291
0.5937457723767512
0.5947577507965346
0.5936420966661603
0.5930119532266006
0.5952642435878375
0.5950779199465015
0.594202434762941
0.5936944171635024
0.5919033115380253
0.5940014460584682
0.5950163742964232
0.5956768115039222
0.5929850383312132
0.5942558318312268
0.5938940250475472
0.5954780634310494
0.5940227957731679
0.5946403844101297
0.5936945335620225
0.5945853857330713
0.5931336564662536
0.5937714388452424
0.5937645262191167
0.5944956407631479
0.593069823664225
0.5931525263413786
0.5936021647792674
0.5925257802303528
0.5944137866103295
0.5943192287483368
0.5925590750430545
0.5932972924046078
0.594181803370092
0.5930278117190017
0.5933272473308506
0.5940807998580214
0.5919977803432398
0.5920784355492313
0.5934690112885943
0.5932666363093444
0.5933172165282976
0.5927435225820064
0.5948670495098589
0.5940867360848489
0.5939979439121125
0.5942238927747854
0.593137278456975
0.592175136919954
0.5918831454241504
0.5932240403854678
0.5940363828118589
0.5944749945838159
0.5940876626498467
0.5937611003136355
0.5937223218859817
0.5945675214392097
0.5930077004684493
0.5944898480261985
0.5947795483342659
0.5934618264204541
0.592814024368219
0.5931745259720207
0.5927504508120304
0.5935311744224115
0.593818380192937
0.5929981670070792
0.5924730914140565
0.5927162459695469
0.5924103997392909
0.5932143402676617
0.5921327369391276
0.594509355992731
0.594831371848292
0.5927189718726599
0.5927375796496106
0.59208388174352
0.5947713953232785
